W 388
PS 3
FLAG 379
CASTLE 382
T 154 5 1
T 155 5 1
T 156 5 1
T 157 5 1
T 158 5 1
T 159 5 1
T 160 5 1
T 161 5 1
T 366 5 4
T 367 5 4
T 366 6 4
T 367 6 4
T 280 7 4
T 364 7 4
T 366 7 4
T 367 7 4
T 184 8 1
T 185 8 1
T 186 8 1
T 187 8 1
T 188 8 1
T 189 8 1
T 190 8 1
T 191 8 1
T 279 8 4
T 280 8 4
T 364 8 4
T 366 8 4
T 367 8 4
T 153 9 4
T 163 9 4
T 278 9 4
T 279 9 4
T 280 9 4
T 362 9 4
T 364 9 4
T 366 9 4
T 367 9 4
T 153 10 4
T 163 10 4
T 277 10 4
T 278 10 4
T 279 10 4
T 280 10 4
T 362 10 4
T 364 10 4
T 366 10 4
T 367 10 4
T 153 11 4
T 163 11 4
T 210 11 4
T 276 11 4
T 277 11 4
T 278 11 4
T 279 11 4
T 280 11 4
T 303 11 4
T 307 11 4
T 360 11 4
T 362 11 4
T 364 11 4
T 366 11 4
T 367 11 4
T 153 12 4
T 163 12 4
T 210 12 4
T 275 12 4
T 276 12 4
T 277 12 4
T 278 12 4
T 279 12 4
T 280 12 4
T 303 12 4
T 307 12 4
T 360 12 4
T 362 12 4
T 364 12 4
T 366 12 4
T 367 12 4
T 0 13 0
T 1 13 0
T 2 13 0
T 3 13 0
T 4 13 0
T 5 13 0
T 6 13 0
T 7 13 0
T 8 13 0
T 9 13 0
T 10 13 0
T 11 13 0
T 12 13 0
T 13 13 0
T 14 13 0
T 15 13 0
T 16 13 0
T 17 13 0
T 18 13 0
T 19 13 0
T 20 13 0
T 21 13 0
T 22 13 0
T 23 13 0
T 24 13 0
T 25 13 0
T 26 13 0
T 27 13 0
T 28 13 0
T 29 13 0
T 30 13 0
T 31 13 0
T 32 13 0
T 33 13 0
T 34 13 0
T 35 13 0
T 36 13 0
T 37 13 0
T 38 13 0
T 39 13 0
T 40 13 0
T 41 13 0
T 42 13 0
T 43 13 0
T 44 13 0
T 45 13 0
T 47 13 0
T 49 13 0
T 50 13 0
T 52 13 0
T 53 13 0
T 55 13 0
T 56 13 0
T 58 13 0
T 59 13 0
T 60 13 0
T 61 13 0
T 62 13 0
T 63 13 0
T 64 13 0
T 65 13 0
T 66 13 0
T 67 13 0
T 68 13 0
T 69 13 0
T 70 13 0
T 71 13 0
T 72 13 0
T 73 13 0
T 74 13 0
T 75 13 0
T 76 13 0
T 77 13 0
T 78 13 0
T 79 13 0
T 80 13 0
T 81 13 0
T 82 13 0
T 83 13 0
T 84 13 0
T 85 13 0
T 86 13 0
T 87 13 0
T 88 13 0
T 89 13 0
T 90 13 0
T 91 13 0
T 92 13 0
T 93 13 0
T 94 13 0
T 95 13 0
T 96 13 0
T 97 13 0
T 98 13 0
T 99 13 0
T 100 13 0
T 101 13 0
T 102 13 0
T 103 13 0
T 104 13 0
T 105 13 0
T 106 13 0
T 107 13 0
T 108 13 0
T 109 13 0
T 110 13 0
T 111 13 0
T 112 13 0
T 113 13 0
T 114 13 0
T 115 13 0
T 116 13 0
T 117 13 0
T 118 13 0
T 119 13 0
T 120 13 0
T 121 13 0
T 122 13 0
T 123 13 0
T 124 13 0
T 125 13 0
T 126 13 0
T 127 13 0
T 128 13 0
T 129 13 0
T 130 13 0
T 131 13 0
T 132 13 0
T 133 13 0
T 134 13 0
T 135 13 0
T 136 13 0
T 137 13 0
T 138 13 0
T 139 13 0
T 140 13 0
T 141 13 0
T 142 13 0
T 143 13 0
T 144 13 0
T 145 13 0
T 146 13 0
T 147 13 0
T 148 13 0
T 149 13 0
T 150 13 0
T 151 13 0
T 152 13 0
T 153 13 0
T 154 13 0
T 155 13 0
T 156 13 0
T 157 13 0
T 158 13 0
T 159 13 0
T 160 13 0
T 161 13 0
T 162 13 0
T 163 13 0
T 164 13 0
T 165 13 0
T 166 13 0
T 167 13 0
T 168 13 0
T 170 13 0
T 172 13 0
T 173 13 0
T 175 13 0
T 177 13 0
T 178 13 0
T 180 13 0
T 181 13 0
T 182 13 0
T 183 13 0
T 184 13 0
T 185 13 0
T 186 13 0
T 187 13 0
T 188 13 0
T 189 13 0
T 190 13 0
T 191 13 0
T 192 13 0
T 193 13 0
T 194 13 0
T 195 13 0
T 196 13 0
T 198 13 0
T 200 13 0
T 202 13 0
T 203 13 0
T 204 13 0
T 205 13 0
T 206 13 0
T 207 13 0
T 208 13 0
T 209 13 0
T 210 13 0
T 211 13 0
T 212 13 0
T 213 13 0
T 214 13 0
T 215 13 0
T 216 13 0
T 217 13 0
T 218 13 0
T 219 13 0
T 220 13 0
T 227 13 0
T 228 13 0
T 229 13 0
T 230 13 0
T 231 13 0
T 232 13 0
T 233 13 0
T 234 13 0
T 235 13 0
T 236 13 0
T 238 13 0
T 239 13 0
T 242 13 0
T 243 13 0
T 246 13 0
T 247 13 0
T 248 13 0
T 249 13 0
T 250 13 0
T 251 13 0
T 252 13 0
T 253 13 0
T 254 13 0
T 255 13 0
T 256 13 0
T 257 13 0
T 258 13 0
T 259 13 0
T 260 13 0
T 261 13 0
T 262 13 0
T 263 13 0
T 264 13 0
T 265 13 0
T 266 13 0
T 267 13 0
T 268 13 0
T 269 13 0
T 270 13 0
T 271 13 0
T 272 13 0
T 273 13 0
T 274 13 0
T 275 13 0
T 276 13 0
T 277 13 0
T 278 13 0
T 279 13 0
T 280 13 0
T 281 13 0
T 282 13 0
T 283 13 0
T 284 13 0
T 285 13 0
T 286 13 0
T 287 13 0
T 288 13 0
T 289 13 0
T 293 13 0
T 294 13 0
T 298 13 0
T 299 13 0
T 300 13 0
T 301 13 0
T 302 13 0
T 303 13 0
T 304 13 0
T 305 13 0
T 306 13 0
T 307 13 0
T 308 13 0
T 309 13 0
T 310 13 0
T 311 13 0
T 312 13 0
T 313 13 0
T 319 13 0
T 324 13 0
T 325 13 0
T 326 13 0
T 327 13 0
T 328 13 0
T 329 13 0
T 330 13 0
T 331 13 0
T 332 13 0
T 333 13 0
T 334 13 0
T 335 13 0
T 336 13 0
T 337 13 0
T 338 13 0
T 339 13 0
T 340 13 0
T 341 13 0
T 342 13 0
T 343 13 0
T 344 13 0
T 345 13 0
T 346 13 0
T 347 13 0
T 348 13 0
T 349 13 0
T 350 13 0
T 351 13 0
T 352 13 0
T 353 13 0
T 354 13 0
T 355 13 0
T 356 13 0
T 357 13 0
T 358 13 0
T 360 13 0
T 362 13 0
T 364 13 0
T 366 13 0
T 367 13 0
T 368 13 0
T 369 13 0
T 370 13 0
T 371 13 0
T 372 13 0
T 373 13 0
T 374 13 0
T 0 14 0
T 1 14 0
T 2 14 0
T 3 14 0
T 4 14 0
T 5 14 0
T 6 14 0
T 7 14 0
T 8 14 0
T 9 14 0
T 10 14 0
T 11 14 0
T 12 14 0
T 13 14 0
T 14 14 0
T 15 14 0
T 16 14 0
T 17 14 0
T 18 14 0
T 19 14 0
T 20 14 0
T 21 14 0
T 22 14 0
T 23 14 0
T 24 14 0
T 25 14 0
T 26 14 0
T 27 14 0
T 28 14 0
T 29 14 0
T 30 14 0
T 31 14 0
T 32 14 0
T 33 14 0
T 34 14 0
T 35 14 0
T 36 14 0
T 37 14 0
T 38 14 0
T 39 14 0
T 40 14 0
T 41 14 0
T 42 14 0
T 43 14 0
T 44 14 0
T 45 14 0
T 47 14 0
T 49 14 0
T 50 14 0
T 52 14 0
T 53 14 0
T 55 14 0
T 56 14 0
T 58 14 0
T 59 14 0
T 60 14 0
T 61 14 0
T 62 14 0
T 63 14 0
T 64 14 0
T 65 14 0
T 66 14 0
T 67 14 0
T 68 14 0
T 69 14 0
T 70 14 0
T 71 14 0
T 72 14 0
T 73 14 0
T 74 14 0
T 75 14 0
T 76 14 0
T 77 14 0
T 78 14 0
T 79 14 0
T 80 14 0
T 81 14 0
T 82 14 0
T 83 14 0
T 84 14 0
T 85 14 0
T 86 14 0
T 87 14 0
T 88 14 0
T 89 14 0
T 90 14 0
T 91 14 0
T 92 14 0
T 93 14 0
T 94 14 0
T 95 14 0
T 96 14 0
T 97 14 0
T 98 14 0
T 99 14 0
T 100 14 0
T 101 14 0
T 102 14 0
T 103 14 0
T 104 14 0
T 105 14 0
T 106 14 0
T 107 14 0
T 108 14 0
T 109 14 0
T 110 14 0
T 111 14 0
T 112 14 0
T 113 14 0
T 114 14 0
T 115 14 0
T 116 14 0
T 117 14 0
T 118 14 0
T 119 14 0
T 120 14 0
T 121 14 0
T 122 14 0
T 123 14 0
T 124 14 0
T 125 14 0
T 126 14 0
T 127 14 0
T 128 14 0
T 129 14 0
T 130 14 0
T 131 14 0
T 132 14 0
T 133 14 0
T 134 14 0
T 135 14 0
T 136 14 0
T 137 14 0
T 138 14 0
T 139 14 0
T 140 14 0
T 141 14 0
T 142 14 0
T 143 14 0
T 144 14 0
T 145 14 0
T 146 14 0
T 147 14 0
T 148 14 0
T 149 14 0
T 150 14 0
T 151 14 0
T 152 14 0
T 153 14 0
T 154 14 0
T 155 14 0
T 156 14 0
T 157 14 0
T 158 14 0
T 159 14 0
T 160 14 0
T 161 14 0
T 162 14 0
T 163 14 0
T 164 14 0
T 165 14 0
T 166 14 0
T 167 14 0
T 168 14 0
T 170 14 0
T 172 14 0
T 173 14 0
T 175 14 0
T 177 14 0
T 178 14 0
T 180 14 0
T 181 14 0
T 182 14 0
T 183 14 0
T 184 14 0
T 185 14 0
T 186 14 0
T 187 14 0
T 188 14 0
T 189 14 0
T 190 14 0
T 191 14 0
T 192 14 0
T 193 14 0
T 194 14 0
T 195 14 0
T 196 14 0
T 198 14 0
T 200 14 0
T 202 14 0
T 203 14 0
T 204 14 0
T 205 14 0
T 206 14 0
T 207 14 0
T 208 14 0
T 209 14 0
T 210 14 0
T 211 14 0
T 212 14 0
T 213 14 0
T 214 14 0
T 215 14 0
T 216 14 0
T 217 14 0
T 218 14 0
T 219 14 0
T 220 14 0
T 227 14 0
T 228 14 0
T 229 14 0
T 230 14 0
T 231 14 0
T 232 14 0
T 233 14 0
T 234 14 0
T 235 14 0
T 236 14 0
T 238 14 0
T 239 14 0
T 242 14 0
T 243 14 0
T 246 14 0
T 247 14 0
T 248 14 0
T 249 14 0
T 250 14 0
T 251 14 0
T 252 14 0
T 253 14 0
T 254 14 0
T 255 14 0
T 256 14 0
T 257 14 0
T 258 14 0
T 259 14 0
T 260 14 0
T 261 14 0
T 262 14 0
T 263 14 0
T 264 14 0
T 265 14 0
T 266 14 0
T 267 14 0
T 268 14 0
T 269 14 0
T 270 14 0
T 271 14 0
T 272 14 0
T 273 14 0
T 274 14 0
T 275 14 0
T 276 14 0
T 277 14 0
T 278 14 0
T 279 14 0
T 280 14 0
T 281 14 0
T 282 14 0
T 283 14 0
T 284 14 0
T 285 14 0
T 286 14 0
T 287 14 0
T 288 14 0
T 289 14 0
T 293 14 0
T 294 14 0
T 298 14 0
T 299 14 0
T 300 14 0
T 301 14 0
T 302 14 0
T 303 14 0
T 304 14 0
T 305 14 0
T 306 14 0
T 307 14 0
T 308 14 0
T 309 14 0
T 310 14 0
T 311 14 0
T 312 14 0
T 313 14 0
T 319 14 0
T 324 14 0
T 325 14 0
T 326 14 0
T 327 14 0
T 328 14 0
T 329 14 0
T 330 14 0
T 331 14 0
T 332 14 0
T 333 14 0
T 334 14 0
T 335 14 0
T 336 14 0
T 337 14 0
T 338 14 0
T 339 14 0
T 340 14 0
T 341 14 0
T 342 14 0
T 343 14 0
T 344 14 0
T 345 14 0
T 346 14 0
T 347 14 0
T 348 14 0
T 349 14 0
T 350 14 0
T 351 14 0
T 352 14 0
T 353 14 0
T 354 14 0
T 355 14 0
T 356 14 0
T 357 14 0
T 358 14 0
T 360 14 0
T 362 14 0
T 364 14 0
T 366 14 0
T 367 14 0
T 368 14 0
T 369 14 0
T 370 14 0
T 371 14 0
T 372 14 0
T 373 14 0
T 374 14 0
T 35 9 8
T 35 10 10
T 35 11 10
T 35 12 10
T 36 9 9
T 36 10 11
T 36 11 11
T 36 12 11
T 76 9 8
T 76 10 10
T 76 11 10
T 76 12 10
T 77 9 9
T 77 10 11
T 77 11 11
T 77 12 11
T 82 10 8
T 82 11 10
T 82 12 10
T 83 10 9
T 83 11 11
T 83 12 11
T 94 9 8
T 94 10 10
T 94 11 10
T 94 12 10
T 95 9 9
T 95 10 11
T 95 11 11
T 95 12 11
T 104 9 8
T 104 10 10
T 104 11 10
T 104 12 10
T 105 9 9
T 105 10 11
T 105 11 11
T 105 12 11
T 115 11 8
T 115 12 10
T 116 11 9
T 116 12 11
T 140 10 8
T 140 11 10
T 140 12 10
T 141 10 9
T 141 11 11
T 141 12 11
T 238 10 8
T 238 11 10
T 238 12 10
T 239 10 9
T 239 11 11
T 239 12 11
T 242 9 8
T 242 10 10
T 242 11 10
T 242 12 10
T 243 9 9
T 243 10 11
T 243 11 11
T 243 12 11
T 246 8 8
T 246 9 10
T 246 10 10
T 246 11 10
T 246 12 10
T 247 8 9
T 247 9 11
T 247 10 11
T 247 11 11
T 247 12 11
T 344 10 8
T 344 11 10
T 344 12 10
T 345 10 9
T 345 11 11
T 345 12 11
T 355 11 8
T 355 12 10
T 356 11 9
T 356 12 11
T 375 13 0
T 375 14 0
T 376 13 0
T 376 14 0
T 377 13 0
T 377 14 0
T 378 13 0
T 378 14 0
T 379 13 0
T 379 14 0
T 380 13 0
T 380 14 0
T 381 13 0
T 381 14 0
T 382 13 0
T 382 14 0
T 383 13 0
T 383 14 0
T 384 13 0
T 384 14 0
T 385 13 0
T 385 14 0
T 386 13 0
T 386 14 0
T 387 13 0
T 387 14 0
C 109 4
C 110 4
C 64 8
C 89 8
C 98 8
C 223 8
C 224 8
C 283 8
C 284 8
C 291 8
C 296 8
C 316 8
C 317 8
C 321 8
C 322 8
